-2      75      89      1       2       4       -1
30      30      35      24      27      40      41
60      61      92      61      125     17      54
80      78      93      83      80      17      42
26      77      83      24      26      16      42
81      78      93      22      27      81      111
153     148     149     149     146     122     131

85      71      88      69      71      19      52
3       32      3       37      2       -1      5
60      66      85      68      72      19      68
86      87      87      84      72      98      70
86      77      73      25      73      16      70
82      -2      88      124     29      111     126
144     148     145     69      145     152     131

58      74      89      6       57      58      52
31      32      34      33      28      53      33
59      67      66      20      -1      18      20
59      95      90      53      102     96      96
105     74      79      25      -2      63      43
45      45      90      21      29      63      44
144     151     150     21      151     154     44

10      10      51      56      8       9       49
36      11      35      39      28      36      49
47      12      48      55      125     15      48
94      76      100     -1      100     98      99
46      46      50      56      11      15      43
47      110     109     110     13      112     126
50      12      51      152     13      14      14

106     115     57      6       120     114     115
31      38      38      37      34      40      41
106     116     113     119     119     114     118
94      95      101     84      91      97      97
105     76      -2      1       113     4       5
82      116     109     7       117     112     117
132     132     150     7       120     154     118

138     75      134     64      143     9       134
107     128     121     124     128     140     127
138     67      139     62      142     139     54
104     103     101     141     102     91      104
136     129     135     64      143     136     133
137     129     135     22      137     140     133
142     147     147     23      146     153     141

107     123     121     123     8       122     127
39      161     156     155     156     163     130
55      65      92      62      159     18      65
103     161     157     165     158     158     99
108     164     165     155     162     164     79
108     160     157     160     159     162     130
0       166     166     23      0       163     0
